29
0 1 317.913
0 2 247.7255
0 3 346.3175
0 4 355.538
0 5 404.10450000000003
0 6 461.94050000000004
0 7 481.31899999999996
0 8 542.621
0 9 653.1705
0 10 694.34
0 11 816.13
0 12 854.5830000000001
0 13 598.9975
0 14 499.7495
0 15 519.5525
0 16 489.49799999999993
0 17 513.901
0 18 548.9465
0 19 497.7505
0 20 395.036
0 21 419.554
0 22 591.2505
0 23 768.1514999999999
0 24 721.4000000000001
0 25 696.4739999999999
0 26 647.981
0 27 743.558
0 28 837.996
1 2 197.628
1 3 427.7775
1 4 553.2429999999999
1 5 536.937
1 6 501.0355
1 7 520.4135
1 8 615.4415
1 9 659.5830000000001
1 10 892.0445
1 11 1013.8349999999999
1 12 952.6215
1 13 605.575
1 14 524.6115
1 15 418.48749999999995
1 16 417.437
1 17 441.8395
1 18 490.616
1 19 536.8455
1 20 564.546
1 21 617.2585
1 22 788.9555
1 23 602.2895000000001
1 24 535.196
1 25 560.3145
1 26 575.92
1 27 746.3064999999999
1 28 761.7145
2 3 114.58250000000001
2 4 188.4135
2 5 183.39100000000002
2 6 237.329
2 7 256.7075
2 8 318.0095
2 9 352.38149999999996
2 10 531.366
2 11 653.156
2 12 691.6089999999999
2 13 483.976
2 14 412.4055
2 15 349.45349999999996
2 16 348.40250000000003
2 17 372.8055
2 18 332.11199999999997
2 19 227.61599999999999
2 20 211.0
2 21 252.4295
2 22 399.385
2 23 560.846
2 24 466.16150000000005
2 25 491.28
2 26 506.8855
2 27 588.0625
2 28 658.6220000000001
3 4 132.5215
3 5 123.874
3 6 162.77
3 7 182.1485
3 8 243.45049999999998
3 9 277.8225
3 10 550.801
3 11 672.591
3 12 711.0440000000001
3 13 593.329
3 14 552.352
3 15 458.807
3 16 457.75649999999996
3 17 371.836
3 18 286.0455
3 19 198.57999999999998
3 20 166.46
3 21 218.50549999999998
3 22 304.366
3 23 313.397
3 24 548.634
3 25 499.09999999999997
3 26 508.9275
3 27 590.104
3 28 660.6635
4 5 85.5055
4 6 141.178
4 7 180.19650000000001
4 8 241.49849999999998
4 9 275.8705
4 10 405.75350000000003
4 11 527.5440000000001
4 12 565.9965
4 13 654.196
4 14 582.6265
4 15 519.6745000000001
4 16 518.6234999999999
4 17 403.42650000000003
4 18 264.453
4 19 176.9875
4 20 78.9935
4 21 103.223
4 22 246.372
4 23 370.39099999999996
4 24 432.813
4 25 517.271
4 26 555.954
4 27 637.1310000000001
4 28 714.9090000000001
5 6 120.66550000000001
5 7 140.0445
5 8 201.346
5 9 235.71800000000002
5 10 460.861
5 11 582.6505
5 12 621.1034999999999
5 13 614.4455
5 14 524.591
5 15 495.39549999999997
5 16 492.5235
5 17 341.474
5 18 243.94099999999997
5 19 156.4755
5 20 79.702
5 21 140.155
5 22 247.758
5 23 271.2925
5 24 487.92
5 25 377.023
5 26 404.53150000000005
5 27 485.70799999999997
5 28 667.6790000000001
6 7 125.18900000000001
6 8 163.961
6 9 220.863
6 10 319.9615
6 11 536.8965000000001
6 12 676.7760000000001
6 13 486.56000000000006
6 14 414.9895
6 15 352.0375
6 16 350.7855
6 17 271.51599999999996
6 18 179.6615
6 19 92.196
6 20 131.24
6 21 198.7185
6 22 254.0765
6 23 256.4375
6 24 281.946
6 25 307.06449999999995
6 26 334.573
6 27 415.75
6 28 500.932
7 8 61.3015
7 9 95.67349999999999
7 10 194.772
7 11 318.7765
7 12 421.7885
7 13 453.2795
7 14 381.709
7 15 318.757
7 16 317.5055
7 17 238.2355
7 18 146.14800000000002
7 19 112.2175
7 20 183.652
7 21 185.485
7 22 128.887
7 23 131.248
7 24 181.029
7 25 262.6895
7 26 301.293
7 27 382.47
7 28 467.65200000000004
8 9 73.0095
8 10 172.108
8 11 344.9575
8 12 434.2595
8 13 482.0235
8 14 410.45349999999996
8 15 347.5015
8 16 346.2495
8 17 266.9795
8 18 174.892
8 19 150.761
8 20 240.0315
8 21 166.637
8 22 106.223
8 23 87.961
8 24 140.8965
8 25 222.5565
8 26 346.8195
8 27 427.99649999999997
8 28 527.7175
9 10 99.0975
9 11 189.3255
9 12 335.48699999999997
9 13 516.697
9 14 445.12699999999995
9 15 382.17499999999995
9 16 383.2925
9 17 272.99199999999996
9 18 241.822
9 19 207.891
9 20 279.326
9 21 207.265
9 22 121.145
9 23 43.539
9 24 110.63300000000001
9 25 195.09050000000002
9 26 353.4395
9 27 434.616
9 28 473.172
10 11 141.7015
10 12 282.6165
10 13 626.4359999999999
10 14 538.884
10 15 493.129
10 16 494.247
10 17 383.9465
10 18 385.08
10 19 306.9895
10 20 454.505
10 21 312.5655
10 22 184.27800000000002
10 23 142.6375
10 24 221.5875
10 25 306.04499999999996
10 26 464.3935
10 27 513.847
10 28 502.861
11 12 298.32550000000003
11 13 710.353
11 14 629.3895
11 15 573.499
11 16 574.6165000000001
11 17 464.3165
11 18 465.4495
11 19 474.611
11 20 487.22299999999996
11 21 425.3475
11 22 406.129
11 23 286.2785
11 24 301.9575
11 25 386.41499999999996
11 26 544.764
11 27 608.332
11 28 619.342
12 13 703.17
12 14 618.6510000000001
12 15 572.6795
12 16 573.797
12 17 463.49699999999996
12 18 464.63
12 19 637.1695
12 20 614.748
12 21 589.6485
12 22 490.9905
12 23 347.8895
12 24 301.1375
12 25 385.5955
12 26 537.0509999999999
12 27 598.5135
12 28 582.6285
13 14 139.04149999999998
13 15 202.7615
13 16 269.8405
13 17 312.7075
13 18 368.1055
13 19 492.93649999999997
13 20 639.405
13 21 718.2125000000001
13 22 765.191
13 23 473.1575
13 24 406.0635
13 25 431.182
13 26 454.12649999999996
13 27 430.08050000000003
13 28 401.24350000000004
14 15 130.336
14 16 198.27100000000002
14 17 241.137
14 18 296.53499999999997
14 19 421.3665
14 20 567.835
14 21 646.6424999999999
14 22 684.2270000000001
14 23 401.587
14 24 334.4935
14 25 359.61199999999997
14 26 301.4275
14 27 330.52049999999997
14 28 301.68449999999996
15 16 135.319
15 17 178.185
15 18 233.583
15 19 358.4145
15 20 504.883
15 21 583.69
15 22 595.9325
15 23 338.635
15 24 271.541
15 25 296.66
15 26 336.624
15 27 417.801
15 28 418.1905
16 17 179.3025
16 18 232.3315
16 19 358.984
16 20 502.01050000000004
16 21 582.639
16 22 595.43
16 23 339.7525
16 24 272.659
16 25 297.77750000000003
16 26 309.438
16 27 390.615
16 28 459.91200000000003
17 18 153.0615
17 19 264.157
17 20 346.37
17 21 434.898
17 22 376.067
17 23 229.4525
17 24 162.3585
17 25 187.477
17 26 210.4215
17 27 291.5985
17 28 376.781
18 19 172.0695
18 20 254.51550000000003
18 21 294.828
18 22 275.03549999999996
18 23 230.5855
18 24 163.4915
18 25 188.6105
18 26 216.119
18 27 297.296
18 28 382.478
19 20 167.0505
19 21 234.5285
19 22 241.105
19 23 243.46550000000002
19 24 274.58799999999997
19 25 299.706
19 26 327.21450000000004
19 27 408.3915
19 28 493.574
20 21 104.15950000000001
20 22 227.1545
20 23 314.9
20 24 481.5645
20 25 566.0225
20 26 409.4275
20 27 490.60450000000003
20 28 763.6605
21 22 122.995
21 23 340.66949999999997
21 24 353.236
21 25 437.6935
21 26 449.97249999999997
21 27 643.5065
21 28 738.561
22 23 146.614
22 24 213.708
22 25 298.16549999999995
22 26 456.5145
22 27 641.8335
22 28 630.848
23 24 67.09299999999999
23 25 151.551
23 26 309.8995
23 27 391.0765
23 28 494.668
24 25 84.457
24 26 242.80599999999998
24 27 323.9825
24 28 420.8275
25 26 224.618
25 27 271.8925
25 28 378.6705
26 27 113.036
26 28 269.3715
27 28 287.613
