29
43.32826835 5.36770642 462.99212598425197
43.321237 5.371416 178.14241486068113
43.31526 5.373133 474.85714285714283
43.309399 5.3723195 102.76923076923077
43.30399 5.367757 359.53548387096777
43.302 5.3739855 100.7910447761194
43.302284 5.380007 101.98053892215569
43.2967805 5.381212 102.7420814479638
43.292647 5.384133 617.8953488372093
43.286376 5.384982 465.92105263157896
43.279405 5.3876895 101.56333830104322
43.27137407 5.38937867 262.5
43.27120765 5.40338061 237.79591836734693
43.330058 5.429696 151.5489749430524
43.324977 5.424541 273.46666666666664
43.320435 5.41553 177.76
43.3154115 5.4064365 101.79059180576631
43.30909 5.402687 175.83505154639175
43.3041025 5.396111 104.76851851851852
43.300401 5.3862025 100.41916167664671
43.3002955 5.374398 100.41916167664671
43.295639 5.3741815 98.5212298682284
43.289812 5.378248 238.1701244813278
43.288089 5.3920085 98.5212298682284
43.291538 5.400478 257.0
43.295438 5.406199 98.2179675994109
43.299987 5.412998 316.9802955665025
43.303241 5.418618 98.2179675994109
43.30376501 5.42437077 171.7829457364341
