A 11970 1.3922748332413275 43.57007242615113 1
A 11970 1.3922996165343766 43.569260418652775 2
A 11970 1.392360672506162 43.56907971214147 3
A 11970 1.392470367584268 43.56886956724796 4
A 11970 1.3925100824016075 43.568780324026584 5
A 11970 1.3931005311536124 43.56775982835271 6
A 11970 1.3931947454769855 43.56761811108273 7
A 11970 1.3932828363402936 43.56750165681945 8
A 11970 1.3933733982802463 43.56738302471871 9
A 11970 1.393485385426436 43.56726646208357 10
A 11970 1.3936049002459412 43.56715392104158 11
A 11970 1.3937316691159607 43.56704565921769 12
A 11970 1.3938654035149494 43.566941923134536 13
A 11970 1.3940058015046624 43.5668429498709 14
A 11970 1.3941525387232134 43.56674896424148 15
A 11970 1.394305278872793 43.56666018327638 16
A 11970 1.3944636776285184 43.566576808027236 17
A 11970 1.394627372748978 43.5664990284185 18
A 11970 1.3947959886118388 43.566427022738374 19
A 11970 1.3949691408025457 43.5663609538392 20
A 11970 1.395146435278598 43.566300974067914 21
A 11970 1.3953274661785189 43.566247220858095 22
A 11970 1.3955118204008221 43.566199813478626 23
A 11970 1.3956990796688247 43.566158865121345 24
A 11970 1.395888814029219 43.566124465288844 25
A 11970 1.3961056354337515 43.56609277952594 26
A 11970 1.3963241737525596 43.56606810133211 27
A 11970 1.3965439974330138 43.566050481252645 28
A 11970 1.3967646805306226 43.56603995013545 29
A 11970 1.396985788149685 43.56603653271924 30
A 11970 1.3972068849746766 43.566040233444625 31
A 11970 1.3974275404152579 43.56605104472752 32
A 11970 1.3976473233148983 43.56606894746187 33
A 11970 1.3978658013053045 43.566093904430964 34
A 11970 1.3980825444861202 43.566125865824915 35
A 11970 1.3982971321597402 43.566164772591335 36
A 11970 1.3985091416684816 43.566210547011444 37
A 11970 1.3987181558652075 43.56626309715397 38
A 11970 1.3989237675396822 43.56632232294787 39
A 11970 1.3991255735364034 43.56638810680491 40
A 11970 1.399323179916891 43.56646032079613 41
A 11970 1.3995161967336136 43.56653882331486 42
A 11970 1.3997042455631792 43.56662345968979 43
A 11970 1.3998869609791589 43.56671406439251 44
A 11970 1.4000639821885554 43.56681046042851 45
A 11970 1.400234963727674 43.56691245721813 46
A 11970 1.4003995702093004 43.56701985820574 47
A 11970 1.4005574792204578 43.56713244941552 48
A 11970 1.4007083789813755 43.56725001202715 49
A 11970 1.4008519790060843 43.56737231643313 50
A 11970 1.4009879919884898 43.56749912263017 51
A 11970 1.401116154924871 43.56763018040191 52
A 11970 1.4012362162088428 43.56776523414414 53
A 11970 1.401347942510894 43.567904017438124 54
A 11970 1.4014511103187803 43.56804626285191 55
A 11970 1.4015455182326264 43.568191688331595 56
A 11970 1.4016309845316188 43.56834000760312 57
A 11970 1.401707337313189 43.56849093337862 58
A 11970 1.4017744312437568 43.568644168174714 59
A 11970 1.4018321323266218 43.56879941295835 60
A 11970 1.4018803293091713 43.568956361758985 61
A 11970 1.4019671169215446 43.57089589908216 62
A 11970 1.4020492258631165 43.57273075856515 63
A 11970 1.4021372218822985 43.57469704660991 64
A 11970 1.4021786329123822 43.575622338296114 65
A 11970 1.4021892924628525 43.575755523833976 66
A 11970 1.4022093130403281 43.57588813913684 67
A 11970 1.4022386438253016 43.57601983539309 68
A 11970 1.4022772082900128 43.576150266858185 69
A 11970 1.4023249011518375 43.576279092474 70
A 11970 1.4023815996916362 43.576405975966736 71
A 11970 1.4024471555057945 43.576530582484565 72
A 11970 1.4025213981616975 43.576652585760755 73
A 11970 1.4026041337068107 43.576771667004344 74
A 11970 1.4026951416312374 43.576887515970746 75
A 11970 1.4027941847837961 43.57699982446517 76
A 11970 1.4029010053297768 43.5771083027655 77
A 11970 1.4030153219838875 43.57721266423804 78
A 11970 1.4031368351568116 43.57731263361155 79
A 11970 1.4032652291109065 43.57740795357897 80
A 11970 1.4034001623937724 43.577498369903324 81
A 11970 1.4035412857040916 43.577583646384184 82
A 11970 1.4036882260921648 43.5776635619789 83
A 11970 1.4038406014023777 43.57773790434432 84
A 11970 1.403998009541782 43.57780648016776 85
A 11970 1.404160039894859 43.5778691092313 86
A 11970 1.404326265716982 43.57792562818687 87
A 11970 1.4044962539702517 43.57797588899511 88
A 11970 1.404669558560485 43.578019757221874 89
A 11970 1.4048457239750982 43.578057120298645 90
A 11970 1.405024287656748 43.578087880960155 91
A 11970 1.4052047830287575 43.57811195672198 92
A 11970 1.4053867386626027 43.57812928481077 93
A 11970 1.4055696752506563 43.578139822687106 94
A 11970 1.405753111822546 43.578143537127005 95
A 11970 1.4059365729780395 43.578140423485245 96
A 11970 1.4061195718373891 43.57813048689626 97
A 11970 1.4063871876009735 43.578114487235055 98
A 11970 1.4066030654134953 43.578107282752704 99
A 11970 1.4066554248734593 43.57810553529715 100
A 11970 1.4069239304001515 43.57810364284995 101
A 11970 1.4071923555790589 43.578108814024134 102
A 11970 1.4074603497590439 43.57812103976965 103
A 11970 1.4077275570688732 43.57814030715487 104
A 11970 1.4079936332039253 43.57816658799027 105
A 11970 1.408258224120621 43.57819984961715 106
A 11970 1.4085209895320805 43.57824004852644 107
A 11970 1.408781582545418 43.57828712963509 108
A 11970 1.4090396623357178 43.57834103572055 109
A 11970 1.4092948898596354 43.578401692572456 110
A 11970 1.4095469344219986 43.5784690227635 111
A 11970 1.4097954647730069 43.578542936246286 112
A 11970 1.4100401512553309 43.578623337503835 113
A 11970 1.41028067946518 43.57871012072958 114
A 11970 1.4105167328355128 43.57880317351698 115
A 11970 1.410747998725634 43.578902373621084 116
A 11970 1.4109741804745166 43.57900759015785 117
A 11970 1.4111949777303678 43.57911868672766 118
A 11970 1.4114101023660302 43.57923551716223 119
A 11970 1.4116192716084983 43.57935793040333 120
A 11970 1.41182221647093 43.5794857623455 121
A 11970 1.4120186657042544 43.57961884831609 122
A 11970 1.4122083640554868 43.57975701390541 123
A 11970 1.4123910646793119 43.57990007764431 124
A 11970 1.4125665245655952 43.580047853708166 125
A 11970 1.4127345174639079 43.580200145991945 126
A 11970 1.412894825434218 43.58035675736468 127
A 11970 1.4130443714927263 43.580514465903825 128
A 11970 1.4130472314240423 43.580517481924765 129
A 11970 1.4132541486354346 43.58074738782946 130
A 11970 1.413459247321943 43.58097527099312 131
A 11970 1.4138635871001541 43.58143666818133 132
A 11970 1.4142601899542149 43.58190160009628 133
A 11970 1.414648996475569 43.582369999939594 134
A 11970 1.415029948775919 43.58284179982733 135
A 11970 1.4154029958137495 43.58331692809327 136
A 11970 1.415505229400751 43.58345089302279 137
A 11970 1.4161063415490098 43.58425154834545 138
A 11970 1.416125134988402 43.58427689540861 139
A 11970 1.4164741242466925 43.58476159166176 140
A 11970 1.4168149881041707 43.5852493333209 141
A 11970 1.4171476814893538 43.585740050959124 142
A 11970 1.41747214962988 43.58623366793404 143
A 11970 1.4177883474073518 43.5867301170105 144
A 11970 1.4180962268467932 43.587229320503546 145
A 11970 1.4182812803891716 43.5875394090078 146
A 11970 1.4183957428626226 43.587731208432686 147
A 11970 1.418686848987269 43.588235702574444 148
A 11970 1.4187657955259825 43.58838325506644 149
A 11970 1.4188364939407636 43.58853300104524 150
A 11970 1.418851246618139 43.5885689038531 151
A 11970 1.4188988273115013 43.5886846981464 152
A 11970 1.4189526969323596 43.58883809757485 153
A 11970 1.4189980138953044 43.588992951165615 154
A 11970 1.4190347067082043 43.589149007059355 155
A 11970 1.419062711431801 43.58930601291001 156
A 11970 1.4190819868704823 43.58946370997932 157
A 11970 1.419092497776439 43.58962184506338 158
A 11970 1.419094228618493 43.58978015908865 159
A 11970 1.4190918382507474 43.59020997442497 160
A 11970 1.4190991133201392 43.59063976058641 161
A 11970 1.4191160498598716 43.59106940232661 162
A 11970 1.4191426484303793 43.59149878443491 163
A 11970 1.4191788974463269 43.5919277959837 164
A 11970 1.4192247884457818 43.59235631948584 165
A 11970 1.419280311421307 43.59278423963275 166
A 11970 1.4193454503169662 43.59321144161051 167
A 11970 1.419420188268251 43.59363781388737 168
A 11970 1.419504502406038 43.59406324268343 169
A 11970 1.4195338128492456 43.594180476748704 170
A 11970 1.4195722636128552 43.59429630545896 171
A 11970 1.4196197331951657 43.59441035471534 172
A 11970 1.4196760653378737 43.59452225231619 173
A 11970 1.4197410787305722 43.59463163462316 174
A 11970 1.4198145594367344 43.59473814814329 175
A 11970 1.4198962722670547 43.59484144633388 176
A 11970 1.4199859532217975 43.594941190087006 177
A 11970 1.4200833039792875 43.595037061947735 178
A 11970 1.4201880171533632 43.595128744383445 179
A 11970 1.420299743487319 43.59521594145098 180
A 11970 1.4204181259578985 43.59529837030783 181
A 11970 1.4205427808891982 43.59537576215029 182
A 11970 1.4206732963372262 43.59544786878304 183
A 11970 1.4208092564269594 43.59551445130496 184
A 11970 1.420950213154083 43.59557529687758 185
A 11970 1.4210957130221835 43.59563020523568 186
A 11970 1.4212452810157101 43.595678999524345 187
A 11970 1.4213984305020129 43.5957215208966 188
A 11970 1.421554666206302 43.59575763128224 189
A 11970 1.4216795199354162 43.595780888464084 190
A 11970 1.4217134774109077 43.59578721387921 191
A 11970 1.4218743515760774 43.595810171074085 192
A 11970 1.4232176861020944 43.59606212944665 193
A 11970 1.4232399467066994 43.596066304528975 194
A 11970 1.4312384789303247 43.59756613195891 195
A 11970 1.4315051853902223 43.59761418340223 196
A 11970 1.4316973453306743 43.59764880363849 197
A 11970 1.431727785645103 43.59765384610277 198
A 11970 1.432158280402885 43.59772515691855 199
A 11970 1.4326211175790573 43.59779516624061 200
A 11970 1.4330856963267495 43.597858806099865 201
A 11970 1.4335518470100261 43.59791605366118 202
A 11970 1.4340194006931426 43.59796688938962 203
A 11970 1.4344881975215065 43.5980112921837 204
A 11970 1.4349580616407025 43.598049250137414 205
A 11970 1.4354288323856208 43.59808074543969 206
A 11970 1.4359003368398544 43.59810577115281 207
A 11970 1.4363724082020795 43.598124315455415 208
A 11970 1.4368448795660393 43.59813637311156 209
A 11970 1.4373175772321805 43.59814193883193 210
A 11970 1.4377903372430751 43.59814101180023 211
A 11970 1.4378254000658917 43.598140461297774 212
A 11970 1.4382629866011023 43.59813359003077 213
A 11970 1.4387353627465034 43.598119679856886 214
A 11970 1.4392072903577016 43.59809928311997 215
A 11970 1.4399032477178106 43.59806101867676 216
A 11970 1.4405984439425943 43.598016023483126 217
A 11970 1.441292752619556 43.597964304190285 218
A 11970 1.4414361087117207 43.597956299989 219
A 11970 1.4415798788703815 43.5979550041847 220
A 11970 1.4417234644853636 43.597960419500325 221
A 11970 1.4418662771367878 43.597972524607066 222
A 11970 1.4420077243230178 43.59799126961795 223
A 11970 1.4421472238076467 43.5980165756575 224
A 11970 1.442284200488442 43.598048341967605 225
A 11970 1.4424180850758754 43.59808643382723 226
A 11970 1.4425483304996407 43.598130695305926 227
A 11970 1.4426743938619695 43.59818094472511 228
A 11970 1.4427957583685755 43.598236972096366 229
A 11970 1.4429119233612173 43.59829854891387 230
A 11970 1.4430224052009635 43.59836541993165 231
A 11970 1.4431267515399846 43.59843730767089 232
A 11970 1.4432245306685063 43.59851391781645 233
A 11970 1.4433153391829392 43.598594931600395 234
A 11970 1.4433988025513114 43.59868001787536 235
A 11970 1.4434745745142203 43.598768823233904 236
A 11970 1.443542343740109 43.59886098084131 237
A 11970 1.443601829270767 43.59895611204335 238
A 11970 1.4436527873683116 43.59905382313064 239
A 11970 1.4436950069079983 43.599153710237935 240
A 11970 1.4437758763547412 43.599382966544646 241
A 11970 1.443847288900227 43.599613873955754 242
A 11970 1.4439091773897248 43.599846230595865 243
A 11970 1.443961488529324 43.60007982613945 244
A 11970 1.4440041772568404 43.600314454154066 245
A 11970 1.4440205356198217 43.600431087047596 246
A 11970 1.4440372004192836 43.60054990430905 247
A 11970 1.444060532493612 43.6007859668324 248
A 11970 1.4440741517725189 43.60102242923806 249
A 11970 1.4440780440442085 43.60125908239038 250
A 11970 1.4440722094720946 43.60149571507541 251
A 11970 1.4440566474653422 43.60173211607037 252
A 11970 1.444031377093116 43.60196807211734 253
A 11970 1.4439964173485083 43.602203374892504 254
A 11970 1.443979817579692 43.60233038967343 255
A 11970 1.4439729573304934 43.60245787714817 256
A 11970 1.443975854133597 43.602585444653364 257
A 11970 1.4439884983735847 43.6027126976525 258
A 11970 1.4440108554989908 43.60283924304651 259
A 11970 1.4440428554015614 43.60296469237736 260
A 11970 1.4440843955722855 43.60308865307659 261
A 11970 1.4441353513936952 43.60321074610638 262
A 11970 1.4441955642584363 43.60333059324288 263
A 11970 1.4442648475304303 43.60344782206355 264
A 11970 1.444342990198234 43.60356207365863 265
A 11970 1.4444297464346685 43.603672994314955 266
A 11970 1.444522092838104 43.6037771280077 267
A 11970 1.4445248506592818 43.60378023783599 268
A 11970 1.4446280105554654 43.603883477553744 269
A 11970 1.444738902806311 43.603982389286664 270
A 11970 1.4448571901138894 43.604076673425496 271
A 11970 1.4449825018976767 43.604166033926695 272
A 11970 1.445114455156587 43.604250196040475 273
A 11970 1.445252639474586 43.604328899604695 274
A 11970 1.4453966282752664 43.604401903526345 275
A 11970 1.4455459789501797 43.60446897755426 276
A 11970 1.445700227293269 43.60452992033746 277
A 11970 1.4458588969100656 43.604584537010275 278
A 11970 1.446021500342939 43.60463266388916 279
A 11970 1.4463423351988316 43.60472355108716 280
A 11970 1.4466598839940839 43.60482033864463 281
A 11970 1.4469739424005896 43.60492296620769 282
A 11970 1.44728431074249 43.605031365233586 283
A 11970 1.4475907818076035 43.60514546602239 284
A 11970 1.447893160507227 43.605265195683906 285
A 11970 1.44819124881318 43.605390475819895 286
A 11970 1.4484848570375364 43.605521225358814 287
A 11970 1.448554570804674 43.60555407185535 288
A 11970 1.4487897569319175 43.60566530840069 289
A 11970 1.4490578724350822 43.605798792990605 290
A 11970 1.4492573415425334 43.605903617787284 291
A 11970 1.4493369080329734 43.60594543090813 292
A 11970 1.4496107203808406 43.6060971789749 293
A 11970 1.4498791328573357 43.606253939226704 294
A 11970 1.4501419726429727 43.60641561153704 295
A 11970 1.4503990669880933 43.606582090843204 296
A 11970 1.4506502507534607 43.60675326775691 297
A 11970 1.451432485710135 43.60728789176347 298
A 11970 1.4515636703429469 43.607377549315345 299
A 11970 1.453104366377905 43.60843049863878 300
A 11970 1.4547179378054047 43.60953318856288 301
A 11970 1.4555766197034217 43.61011997179372 302
A 11970 1.45999892828312 43.61314167693144 303
A 11970 1.4613112034141635 43.61403824228734 304
A 11970 1.4632245065870324 43.615345361198884 305
A 11970 1.4636224026290847 43.61561718181518 306
A 11970 1.4652905476526896 43.61675672296084 307
A 11970 1.4678212349001492 43.61848534885614 308
A 11970 1.469597695216138 43.619698691638426 309
A 11970 1.473586692137677 43.622422932306044 310
A 11970 1.474579926485424 43.62310118815926 311
A 11970 1.4749186820498918 43.62332790311151 312
A 11970 1.4752636328069653 43.623549632747604 313
A 11970 1.4756146426392476 43.62376628759378 314
A 11970 1.475971567804074 43.62397778250534 315
A 11970 1.4763342683688647 43.62418402962581 316
A 11970 1.4767025937054 43.62438494869507 317
A 11970 1.4767559072403842 43.624412833059154 318
A 11970 1.4770763955015531 43.624580455632625 319
A 11970 1.4774555283426947 43.62477047406298 320
A 11970 1.4782291586886473 43.62513373679141 321
A 11970 1.478623350127125 43.625306834808235 322
A 11970 1.4790222423541532 43.62547415161125 323
A 11970 1.479425680735518 43.62563561898917 324
A 11970 1.479833499991727 43.62579117303692 325
A 11970 1.4802455363721227 43.62594074821785 326
A 11970 1.4806616222451716 43.626084285549915 327
A 11970 1.4810815937079822 43.62622172882631 328
A 11970 1.4812550679822136 43.62628003510999 329
A 11970 1.481425173638602 43.626343364563255 330
A 11970 1.4815916373546727 43.62641161354599 331
A 11970 1.4817826001002905 43.62649735789909 332
A 11970 1.481968765269871 43.62658849648007 333
A 11970 1.4821498502923902 43.62668488718278 334
A 11970 1.4823255681168717 43.62678638402657 335
A 11970 1.4824956523216233 43.626892824736004 336
A 11970 1.482659837200424 43.62700404923668 337
A 11970 1.4827347774415087 43.62706171383578 338
A 11970 1.482802458003128 43.62712393719509 339
A 11970 1.4828623536605623 43.627190235684466 340
A 11970 1.4829140045033753 43.627260100952434 341
A 11970 1.4829570100512635 43.627332989454956 342
A 11970 1.4829910372902122 43.62740834062323 343
A 11970 1.4830158230056991 43.627485572492425 344
A 11970 1.4830311767380049 43.62756408611393 345
A 11970 1.4830369806444836 43.627643274880384 346
A 11970 1.4830331856593355 43.62772252888448 347
A 11970 1.4830198266152284 43.62780123394044 348
A 11970 1.4829089000682625 43.62830021158921 349
A 11970 1.4828069745110122 43.62880019963709 350
B 11972 1.4526365256777511 43.64079578860529 1
B 11972 1.452631724726624 43.64067067215797 2
B 11972 1.452617744093308 43.64054591960785 3
B 11972 1.452594621388939 43.640421886223116 4
B 11972 1.4525624236990333 43.64029892641343 5
B 11972 1.4525212438815411 43.640177388761806 6
B 11972 1.45247119677283 43.64005761709076 7
B 11972 1.4524124259085047 43.639939955455546 8
B 11972 1.4523450999151872 43.639824737141986 9
B 11972 1.4522694063754609 43.63971229065133 10
B 11972 1.4521855654811884 43.63960293597207 11
B 11972 1.4520938156816137 43.6394969844626 12
B 11972 1.4519944137186598 43.6393947366571 13
B 11972 1.4518876451652885 43.639296484547025 14
B 11972 1.4517738161940734 43.63920250657584 15
B 11972 1.4516532474576067 43.63911307252752 16
B 11972 1.4515262832970437 43.63902843427497 17
B 11972 1.4513932855376832 43.63894883615405 18
B 11972 1.451254631444496 43.63887450068228 19
B 11972 1.4511107173115372 43.638805640658795 20
B 11972 1.450961949483484 43.63874245360473 21
B 11972 1.450808757256088 43.638685118028526 22
B 11972 1.4505100606612278 43.63858440659517 23
B 11972 1.450207464498378 43.638490038576904 24
B 11972 1.4501166076334975 43.638463945700174 25
B 11972 1.4499012243415208 43.63840209010079 26
B 11972 1.449591597252019 43.638320638405965 27
B 11972 1.449343666253155 43.638261273359355 28
B 11972 1.4492788411872777 43.6382457514147 29
B 11972 1.448963227805185 43.63817749003248 30
B 11972 1.4486450166746865 43.63811591506855 31
B 11972 1.4483244773499633 43.63806107644452 32
B 11972 1.448001880188213 43.63801302079994 33
B 11972 1.447677499430318 43.637971787677266 34
B 11972 1.4473516078381876 43.63793741441562 35
B 11972 1.4470244783251232 43.637909928483346 36
B 11972 1.4466963876559034 43.63788935244615 37
B 11972 1.4463676119152307 43.63787570392987 38
B 11972 1.4460384310661887 43.63786899401219 39
B 11972 1.4457091190793459 43.637869230433104 40
B 11972 1.4453799561058789 43.637876412209025 41
B 11972 1.4453475952803432 43.6378778023426 42
B 11972 1.4450512193516567 43.637890533397744 43
B 11972 1.4447421887156862 43.63790368699518 44
B 11972 1.4446967534207964 43.637904626405835 45
B 11972 1.4444327560080323 43.63791008438306 46
B 11972 1.4441231964427055 43.6379097168552 47
B 11972 1.4440019870602538 43.637906922869206 48
B 11972 1.443504824116028 43.6378886952562 49
B 11972 1.4431965718060502 43.637868058984395 50
B 11972 1.4428893149909938 43.637840697247796 51
B 11972 1.4425833283741873 43.63780663372173 52
B 11972 1.442278892570452 43.637765900363014 53
B 11972 1.4419762843553174 43.63771853294037 54
B 11972 1.4416757751109675 43.63766457376458 55
B 11972 1.4413776368768398 43.637604071189834 56
B 11972 1.441082140014326 43.63753708398341 57
B 11972 1.4407895526663907 43.63746366760538 58
B 11972 1.4407846430637699 43.63746231428645 59
B 11972 1.44077213815768 43.63745886734084 60
B 11972 1.4405001397348434 43.63738389120743 61
B 11972 1.4402141630177088 43.637297828856 62
B 11972 1.439931879775938 43.637205554582366 63
B 11972 1.439653549367112 43.63710715286183 64
B 11972 1.4393723633050184 43.63699999526128 65
B 11972 1.439095781690153 43.63688669260622 66
B 11972 1.438824056746932 43.636767349620705 67
B 11972 1.4385574436023798 43.636642078187094 68
B 11972 1.4382961829994403 43.636510991716314 69
B 11972 1.4380405163162358 43.63637421075815 70
B 11972 1.437790678039335 43.636231861293126 71
B 11972 1.4375469002942751 43.636084074769734 72
B 11972 1.4373094068312313 43.63593098640848 73
B 11972 1.4370784152357403 43.635772738511534 74
B 11972 1.436854137035804 43.6356094738804 75
B 11972 1.4366367782902987 43.635441346244136 76
B 11972 1.4364265428101395 43.63526850766743 77
B 11972 1.4362236199092782 43.63509111887305 78
B 11972 1.4360281981382463 43.63490934057698 79
B 11972 1.435997025053944 43.634878457150485 80
B 11972 1.435840455335795 43.63472334163544 81
B 11972 1.4356605647319896 43.63453329525503 82
B 11972 1.4354886942961413 43.634339372403495 83
B 11972 1.435477681328702 43.63432607729593 84
B 11972 1.4353249989784422 43.634141754911674 85
B 11972 1.435169630777282 43.63394061964767 86
B 11972 1.4350227308859396 43.63373615765262 87
B 11972 1.434884438310784 43.63352855446186 88
B 11972 1.4347548738830989 43.63331799820103 89
B 11972 1.4346632369318928 43.63315606403568 90
B 11972 1.4349501400514881 43.63362718535012 91
B 11972 1.434884438310784 43.63352855446186 92
B 11972 1.4347548738830989 43.63331799820103 93
B 11972 1.4346341635491233 43.63310468746096 94
B 11972 1.4345224137083024 43.63288881463264 95
B 11972 1.4344197268396253 43.6326705808508 96
B 11972 1.434326200936885 43.632450183918735 97
B 11972 1.4342847952838875 43.63234094757153 98
B 11972 1.4342419187457562 43.63222783028894 99
B 11972 1.434166958563256 43.632003720888015 100
B 11972 1.434101389488831 43.631778064793195 101
B 11972 1.4341000414868654 43.6317726124329 102
B 11972 1.434045268587003 43.63155106768677 103
B 11972 1.4339986536049303 43.631322939643695 104
B 11972 1.4339615849343403 43.63109388949412 105
B 11972 1.433934093884838 43.63086412708715 106
B 11972 1.4339162064170827 43.630633866064805 107
B 11972 1.4339079409905737 43.630403316712375 108
B 11972 1.4339093047095506 43.630172690863226 109
B 11972 1.4339202941145957 43.629942199711294 110
B 11972 1.4339408981240198 43.62971205877349 111
B 11972 1.4339576100951474 43.62956118605264 112
B 11972 1.434013417535875 43.62905736066726 113
B 11972 1.4342492777790987 43.62692793564852 114
B 11972 1.4344212095492355 43.62537557992338 115
B 11972 1.43446532602232 43.62502148043058 116
B 11972 1.4345071422456876 43.62474606891613 117
B 11972 1.434518983868206 43.62466807672025 118
B 11972 1.4345821648853414 43.62431550578411 119
B 11972 1.4346548426274672 43.62396390070181 120
B 11972 1.4347369898530182 43.623613397287045 121
B 11972 1.434828574782923 43.623264131861525 122
B 11972 1.4349295611799504 43.62291623631857 123
B 11972 1.4350399104923013 43.622569845821204 124
B 11972 1.4351595819675302 43.622225091671396 125
B 11972 1.4352447648490891 43.62199851572791 126
B 11972 1.4352885287636965 43.621882108409714 127
B 11972 1.435298002410456 43.62185872263723 128
B 11972 1.4354267018645785 43.62154102507 129
B 11972 1.4355740438736684 43.62120197555159 130
B 11972 1.4357305035441341 43.620865087219286 131
B 11972 1.435845170381507 43.62063328056385 132
B 11972 1.4358960167458563 43.620530490620425 133
B 11972 1.436070521635872 43.62019831522181 134
B 11972 1.4362539518983055 43.61986868715929 135
B 11972 1.4364462336458148 43.61954173414974 136
B 11972 1.4365167003878947 43.61941678333151 137
B 11972 1.43657858340891 43.61928945626363 138
B 11972 1.4366317305879508 43.619160064411226 139
B 11972 1.436676010161112 43.619028921601185 140
B 11972 1.4367113166565078 43.6188963506551 141
B 11972 1.43673756201508 43.61876267179422 142
B 11972 1.4367546836790255 43.61862821642207 143
B 11972 1.4367626395912534 43.61849330897835 144
B 11972 1.4367614094711354 43.618358281762205 145
B 11972 1.4367509987615785 43.61822346399268 146
B 11972 1.4367314287616135 43.618089185018164 147
B 11972 1.4367027510051857 43.61795577224212 148
B 11972 1.4366650336613573 43.61782355155761 149
B 11972 1.436618371374997 43.61769284578461 150
B 11972 1.4365628746521781 43.61756397732402 151
B 11972 1.436498680611847 43.617437256726575 152
B 11972 1.4364259482384871 43.617312996369066 153
B 11972 1.436381344441849 43.61724617078726 154
B 11972 1.4363448517939752 43.61719149723263 155
B 11972 1.43625559347081 43.61707306052952 156
B 11972 1.4361583870408043 43.616957971108576 157
B 11972 1.436053472703292 43.61684651348883 158
B 11972 1.4359411060122609 43.61673895585785 159
B 11972 1.4358215621705597 43.61663556492067 160
B 11972 1.4356622174740383 43.61650906039426 161
B 11972 1.4356547200648377 43.61650310814547 162
B 11972 1.435481532295264 43.61637502562751 163
B 11972 1.4353022084939333 43.61625147928049 164
B 11972 1.4351169773014814 43.61613262239897 165
B 11972 1.4349260704317592 43.61601860446333 166
B 11972 1.4347297264567773 43.61590957062301 167
B 11972 1.4345281924373317 43.615805654029465 168
B 11972 1.434321724497028 43.61570698736236 169
B 11972 1.4341105743792846 43.615613693390856 170
B 11972 1.4338950127658363 43.615525890654624 171
B 11972 1.4336150755429062 43.61542307784585 172
B 11972 1.4334517324385734 43.61536718692644 173
B 11972 1.433224572277741 43.61529648476267 174
B 11972 1.4330427763345954 43.61523909062778 175
B 11972 1.4328647869918978 43.615175707412924 176
B 11972 1.432690981201678 43.615106471055675 177
B 11972 1.4325217199340747 43.61503152504248 178
B 11972 1.4323573570956543 43.614951029261405 179
B 11972 1.4321982419619312 43.614865149598145 180
B 11972 1.4320447046910931 43.614774066592815 181
B 11972 1.4319863538700257 43.614736086654375 182
B 11972 1.4318970669720836 43.614677970590726 183
B 11972 1.4317556404292953 43.61457706721562 184
B 11972 1.4316207223334154 43.61447156197149 185
B 11972 1.4314925922357093 43.614361682159576 186
B 11972 1.4313715213837988 43.614247654462545 187
B 11972 1.4312619698092828 43.6141394397414 188
B 11972 1.431160425732448 43.614027175654776 189
B 11972 1.4310671732811344 43.61391118006419 190
B 11972 1.4309824663586619 43.613791771674286 191
B 11972 1.4309065458173922 43.613669282246256 192
B 11972 1.4308396190745776 43.613544056426534 193
B 11972 1.4307818768881833 43.61341644146341 194
B 11972 1.4307334736844552 43.613286789784794 195
B 11972 1.4306945508673443 43.61315546522871 196
B 11972 1.4306652098229207 43.61302283129525 197
B 11972 1.4306455382487293 43.61288925740228 198
B 11972 1.4306355875488872 43.61275511595253 199
B 11972 1.4306353849409956 43.61262078078923 200
B 11972 1.430644933499704 43.612486624453304 201
B 11972 1.4306642015724822 43.612353019191964 202
B 11972 1.4306746051401844 43.61230532276461 203
B 11972 1.4306931416094395 43.61222033985936 204
B 11972 1.430731670718904 43.61208895223308 205
B 11972 1.4307796818186376 43.611959224079776 206
B 11972 1.4308370400003605 43.611831516347195 207
B 11972 1.430903584051049 43.61170618262808 208
B 11972 1.4309791324132366 43.611583574148355 209
B 11972 1.4310634750209816 43.6114640309207 210
B 11972 1.4310860962184302 43.61143574845629 211
B 11972 1.4311563732751262 43.61134788339065 212
B 11972 1.4312575720353546 43.61123545802342 213
B 11972 1.4313667892077382 43.61112706734182 214
B 11972 1.4314837187572382 43.61102301050071 215
B 11972 1.4316080366683581 43.610923578274296 216
B 11972 1.4317393987597238 43.610829048101344 217
B 11972 1.4318774362056017 43.61073968075554 218
B 11972 1.4320217682404222 43.610655728682005 219
B 11972 1.4321719918146778 43.61057742164695 220
B 11972 1.4323276874351363 43.61050497940473 221
B 11972 1.432437511649473 43.61046048962435 222
B 11972 1.4325513041957822 43.61042162172224 223
B 11972 1.4326685223251783 43.6103885598732 224
B 11972 1.4327886025466243 43.61036146339246 225
B 11972 1.4329109742838013 43.61034046246154 226
B 11972 1.433035050842887 43.61032565640692 227
B 11972 1.4331602384430604 43.610317115421424 228
B 11972 1.4332859392277306 43.61031488113858 229
B 11972 1.4334115527984463 43.61031896499904 230
B 11972 1.433500717995674 43.61032637572005 231
B 11972 1.4335364769793342 43.61032934770879 232
B 11972 1.4336601153899333 43.610345977656834 233
B 11972 1.4337818751012386 43.61036877583214 234
B 11972 1.4339011757131206 43.610397634803064 235
B 11972 1.4342802733962299 43.610503524825965 236
B 11972 1.434656060131849 43.610615476140175 237
B 11972 1.4350283519250122 43.610733432384215 238
B 11972 1.435396965547849 43.610857336108744 239
B 11972 1.4355657697190662 43.610917401890205 240
B 11972 1.4357617230864703 43.610987127716 241
B 11972 1.4361224459358057 43.61112274321554 242
B 11972 1.4363729851149918 43.61120211552071 243
B 11972 1.4366271230243544 43.61127520531326 244
B 11972 1.4368845566178645 43.6113419293982 245
B 11972 1.4371449843033268 43.61140220788702 246
B 11972 1.4374081005701398 43.61145596963929 247
B 11972 1.4376735952265238 43.611503152805106 248
B 11972 1.437941161019155 43.61154370049947 249
B 11972 1.4382104806859861 43.6115775678271 250
B 11972 1.4384812376751202 43.61160471264476 251
B 11972 1.4387531160388876 43.61162510214413 252
B 11972 1.439025795838366 43.61163871720231 253
B 11972 1.4392989586770226 43.61164553651837 254
B 11972 1.439572280605565 43.611645555755544 255
B 11972 1.4398454452060545 43.611638771740395 256
B 11972 1.4401181297979406 43.611625195515046 257
B 11972 1.4403900146688666 43.611604841440965 258
B 11972 1.4406607791978236 43.61157773375084 259
B 11972 1.4408463537241896 43.61155442504058 260
B 11972 1.4409301094310352 43.61154390496527 261
B 11972 1.4411976838071476 43.611503391385135 262
B 11972 1.4414631940987654 43.61145624588346 263
B 11972 1.4417048325232389 43.61140681190254 264
B 11972 1.4419439221719592 43.611351218325524 265
B 11972 1.4420293796880974 43.61132890471769 266
B 11972 1.442180164412628 43.61128953347216 267
B 11972 1.4424132650094525 43.61122183447908 268
B 11972 1.4426429371690168 43.61114820567868 269
B 11972 1.4428688924640003 43.61106873962148 270
B 11972 1.443090852209429 43.610983533878 271
B 11972 1.4433085368678429 43.61089269259718 272
B 11972 1.443521678797896 43.61079633209744 273
B 11972 1.4437300110592286 43.61069457254512 274
B 11972 1.4439332779905243 43.610587537492705 275
B 11972 1.4441312215006452 43.61047536144621 276
B 11972 1.4442201220073068 43.61042121267706 277
B 11972 1.444323599263881 43.61035818507771 278
B 11972 1.444510171192941 43.6102361512732 279
B 11972 1.4446907045673862 43.61010941504953 280
B 11972 1.444864974995437 43.60997813039577 281
B 11972 1.445032766182219 43.60984246508339 282
B 11972 1.4451938702041707 43.60970258311268 283
B 11972 1.4452131002929423 43.609685274701576 284
B 11972 1.445780444250627 43.609154805914905 285
B 11972 1.4468438097783665 43.6081605210432 286
B 11972 1.446968846913973 43.608043603926944 287
B 11972 1.448160712405102 43.60692910842601 288
B 11972 1.4488876379183848 43.60624934395232 289
B 11972 1.448977393192273 43.60616541032982 290
B 11972 1.44910797145099 43.606043300993534 291
B 11972 1.4491566281139774 43.60599779988779 292
B 11972 1.4500567652673306 43.60515602315586 293
B 11972 1.4510043777413675 43.604269814834616 294
B 11972 1.4511716107300938 43.60410081215834 295
B 11972 1.4512427877368557 43.6040237710921 296
B 11972 1.4513312776933396 43.603927990364994 297
B 11972 1.4514832158551325 43.60375152755432 298
B 11972 1.4516272646512085 43.60357160568368 299
B 11972 1.451763279316225 43.60338841067905 300
B 11972 1.4517973222811626 43.60333880560016 301
B 11972 1.451891118051857 43.6032021323298 302
B 11972 1.4520106488358606 43.60301296324727 303
B 11972 1.4521217486677205 43.602821098858044 304
B 11972 1.4522242990305703 43.60262673791567 305
B 11972 1.4523181994950143 43.60243008151415 306
B 11972 1.4524033495686794 43.60223133513439 307
B 11972 1.452434048157641 43.60215061978973 308
B 11972 1.4524796601705863 43.60203069886224 309
B 11972 1.4525470556336393 43.60182838441224 310
B 11972 1.4525913632605438 43.601670323988685 311
B 11972 1.452615615442186 43.6015611118953 312
B 11972 1.4526267265896644 43.60151107618835 313
B 11972 1.452653089420421 43.60135091102821 314
B 11972 1.452670403908743 43.60119009529923 315
B 11972 1.452678642566612 43.60102889760233 316
B 11972 1.45267779518251 43.60086759216357 317
B 11972 1.452667859187416 43.60070644723415 318
B 11972 1.45266346586755 43.60066929880531 319
B 11972 1.4526488523833998 43.600545731778105 320
B 11972 1.452620806098145 43.60038571870806 321
B 11972 1.4525837683838005 43.60022667339036 322
B 11972 1.45253780159709 43.60006886350044 323
B 11972 1.4524949905243087 43.599946790355055 324
B 11972 1.4524829834231414 43.59991255269957 325
B 11972 1.4524194033892597 43.59975800607923 326
B 11972 1.4523471721804708 43.59960548108129 327
B 11972 1.452266406697147 43.599455232102876 328
B 11972 1.4521772434780977 43.59930751260293 329
B 11972 1.452112412339222 43.59921398722499 330
B 11972 1.452039283982493 43.59912375033325 331
B 11972 1.451958172453467 43.59903719234982 332
B 11972 1.4518694268007943 43.598954685329375 333
B 11972 1.4517734325928981 43.59887658242373 334
B 11972 1.4516705967630172 43.598803221598274 335
B 11972 1.4515613650714132 43.59873491919188 336
B 11972 1.451446208569431 43.598671966515134 337
B 11972 1.451325618986781 43.59861463529881 338
B 11972 1.4512001208509917 43.5985631750508 339
B 11972 1.451070248233382 43.598517803539124 340
B 11972 1.45093656272819 43.59847871571799 341
B 11972 1.4507996391396532 43.598446081964504 342
B 11972 1.4506600670918033 43.5984200415089 343
B 11972 1.4505184449086672 43.59840070787121 344
B 11972 1.4503753834808681 43.59838816285756 345
B 11972 1.4502314986601659 43.598382460339174 346
B 11972 1.450087408266311 43.598383624581494 347
B 11972 1.4499437335732601 43.5983916519024 348
B 11972 1.4498010925750464 43.598406506776634 349
B 11972 1.4496600976737584 43.59842812510877 350
B 11972 1.4495213564244804 43.598456414787165 351
B 11972 1.4493854639988955 43.59849125507398 352
B 11972 1.4492530062636408 43.5985324927895 353
B 11972 1.449101986797123 43.59858026006083 354
B 11972 1.4489728623687548 43.59861520153671 355
B 11972 1.44894763702456 43.598622027571196 356
B 11972 1.4487904065581214 43.59865767171988 357
B 11972 1.4486307567576655 43.59868709040091 358
B 11972 1.4484691517931163 43.59871019524937 359
B 11972 1.4483060638234733 43.59872691826738 360
B 11972 1.448141972216976 43.59873721346362 361
B 11972 1.4479773523555863 43.59874104853256 362
B 11972 1.4478126906025164 43.59873841320615 363
B 11972 1.4476484654989734 43.59872931471082 364
B 11972 1.4474851545497793 43.59871377837178 365
B 11972 1.447323240190818 43.59869185205095 366
B 11972 1.4471631925137383 43.598663600518634 367
B 11972 1.4470054783662036 43.59862910278502 368
B 11972 1.446850561952012 43.598588461980555 369
B 11972 1.4466988906253266 43.598541796460594 370
B 11972 1.4465509159821082 43.598489242721925 371
B 11972 1.4464070629558423 43.59843095240536 372
B 11972 1.4462192330464432 43.59834610775627 373
B 11972 1.446036343752419 43.59825574273897 374
B 11972 1.4458586953564476 43.598160014562836 375
B 11972 1.4456865934341694 43.59805907938509 376
B 11972 1.4455203168714685 43.59795311015104 377
B 11972 1.4454229760273702 43.59788575300081 378
B 11972 1.4453601528324949 43.59784228097241 379
B 11972 1.4452063648533806 43.59772678003075 380
B 11972 1.4450592118392835 43.597606801504554 381
B 11972 1.4449189412989762 43.5974825438676 382
B 11972 1.4447857869415979 43.59735421864643 383
B 11972 1.444659973420678 43.597222036744206 384
B 11972 1.4445417115482413 43.59708622485914 385
B 11972 1.4444311993415744 43.59694700684016 386
B 11972 1.4443286225371976 43.59680461905186 387
B 11972 1.4442341502445584 43.59665929881823 388
B 11972 1.4441315339338385 43.59648442058077 389
B 11972 1.4440973116214404 43.59641982185244 390
B 11972 1.4440375429823595 43.59630700099353 391
B 11972 1.443952298363774 43.596127264365315 392
B 11972 1.4438759051625367 43.59594543706614 393
B 11972 1.4438084578405441 43.5957617486679 394
B 11972 1.4437500477764817 43.59557643255553 395
B 11972 1.4437007451608972 43.595389725228344 396
B 11972 1.4436606149496032 43.5952018598484 397
B 11972 1.4436470902086584 43.59511926155044 398
B 11972 1.4436297031410594 43.59501307490508 399
B 11972 1.4436080526699369 43.59482361160295 400
B 11972 1.4436020035297477 43.59473069209167 401
B 11972 1.4435956898909932 43.59463370936142 402
B 11972 1.4435926283701046 43.59444360474856 403
B 11972 1.4435988754889264 43.594253543605355 404
B 11972 1.4436144206443962 43.5940637633924 405
B 11972 1.443639245609518 43.59387450644219 406
B 11972 1.4436733186420487 43.593686010584214 407
B 11972 1.4437165936702818 43.593498512978606 408
B 11972 1.4437690207738725 43.59331225568871 409
B 11972 1.4438305290661704 43.59312747017851 410
B 11972 1.4439010430755994 43.59294439171224 411
B 11972 1.4440627052783122 43.59255170833797 412
B 11972 1.444596753967715 43.59125444541703 413
B 11972 1.4450596888695602 43.59012987697725 414
B 11972 1.445300367374124 43.589545199250644 415
B 11972 1.4459858509582943 43.587879894261285 416
B 11972 1.446214935309093 43.58732333757124 417
B 11972 1.4466824433887675 43.58618749994219 418
B 11972 1.4472386756027336 43.58483604182987 419
B 11972 1.447284330776544 43.584737782258024 420
B 11972 1.4473213371601736 43.584637618607914 421
B 11972 1.447349553412171 43.58453595459774 422
B 11972 1.4473638347815179 43.58445994893479 423
B 11972 1.4473688615535838 43.58443319633051 424
B 11972 1.4473749045506887 43.58437266414415 425
B 11972 1.4473791880264646 43.584329756855574 426
B 11972 1.4473804879578578 43.58422604890743 427
B 11972 1.4473727564435894 43.584122487193035 428
B 11972 1.4473560292421723 43.58401949223747 429
B 11972 1.4473303664711632 43.58391747104886 430
B 11972 1.447295876497786 43.58381683377297 431
B 11972 1.4472526964126888 43.58371798749832 432
B 11972 1.4472009967516744 43.58362132367696 433
B 11972 1.4471409880743216 43.58352723189432 434
B 11972 1.4470729090425525 43.58343608989608 435
B 11972 1.4469970309741638 43.58334826198043 436
B 11972 1.4469136616141023 43.58326409902924 437
B 11972 1.4468231330186 43.58318394115171 438
B 11972 1.446725811535367 43.58310810679479 439
B 11972 1.4465515842563976 43.58298497828693 440
B 11972 1.4463716582614314 43.58286626053843 441
B 11972 1.4462529746205828 43.582793181545846 442
B 11972 1.446186244195456 43.58275209240727 443
B 11972 1.4459955595830885 43.582642606773746 444
B 11972 1.4457998280141375 43.582537934374685 445
B 11972 1.4455992784738063 43.58243819831193 446
B 11972 1.4453941506770167 43.58234351080463 447
B 11972 1.4451846819750591 43.58225399008851 448
B 11972 1.444954063904179 43.582155272073926 449
B 11972 1.444728436835052 43.58205064073029 450
B 11972 1.444508082478482 43.58194022953242 451
B 11972 1.4442932824436956 43.581824177990875 452
B 11972 1.4440843076389438 43.58170263375819 453
B 11972 1.4438814296087799 43.58157575162542 454
B 11972 1.443687847555559 43.581445671296635 455
B 11972 1.4436849024398757 43.58144369227519 456
B 11972 1.4434949770635175 43.58130662459401 457
B 11972 1.443333252319683 43.581181277757764 458
B 11972 1.4433118922530326 43.58116472230591 459
B 11972 1.4431358813805173 43.58101816622239 460
B 11972 1.4429671724588302 43.580867141500015 461
B 11972 1.4428059745003066 43.58071184136706 462
B 11972 1.4426524919220987 43.58055246285381 463
B 11972 1.4425069275639963 43.58038920681742 464
B 11972 1.4423694576863313 43.58022228431778 465
B 11972 1.4422402600682005 43.580051905329384 466
B 11972 1.442119501823308 43.57987828577203 467
B 11972 1.4421110419497247 43.5798649640334 468
B 11972 1.442007330320468 43.57970164908128 469
B 11972 1.441903892219227 43.57952221539378 470
B 11972 1.441897053508767 43.579508650929995 471
B 11972 1.441846033249565 43.57940745291839 472
B 11972 1.44179699898904 43.579290536156286 473
B 11972 1.4417569444618545 43.57917182628951 474
B 11972 1.4417259929890531 43.57905168478446 475
B 11972 1.4417042367807953 43.57893048381953 476
B 11972 1.4416917439601022 43.57880859153116 477
B 11972 1.4416885515751476 43.57868638457346 478
B 11972 1.4416946733519485 43.578564235016145 479
B 11972 1.441710082940453 43.5784425200807 480
B 11972 1.4417347404882366 43.57832161193656 481
B 11972 1.441757992284126 43.57823931461124 482
B 11972 1.4417685684350445 43.57820188134121 483
B 11972 1.4418075631137408 43.57809443712658 484
B 11972 1.4418114613498554 43.57808369607615 485
B 11972 1.4418632852355866 43.57796741710044 486
B 11972 1.441923886508489 43.57785340356319 487
B 11972 1.4419930762992486 43.57774200334731 488
B 11972 1.4420706431859152 43.57763355920987 489
B 11972 1.44215634877045 43.57752840216217 490
B 11972 1.442249929103287 43.577426856968344 491
B 11972 1.4423510986092338 43.57732923230297 492
B 11972 1.4424320594183158 43.57726089327896 493
B 11972 1.442519854548258 43.57719717349726 494
B 11972 1.4426139901787776 43.577138429836886 495
B 11972 1.4427139320891376 43.577084997447585 496
B 11972 1.4428191171646139 43.57703717777616 497
B 11972 1.442928947299938 43.57699524235658 498
B 11972 1.4430428038202332 43.57695942744387 499
B 11972 1.443160039918088 43.576929935048874 500
B 11972 1.4432799957343536 43.57690693361235 501
B 11972 1.4434019886508827 43.57689055134126 502
B 11972 1.4435253290238197 43.57688088347151 503
B 11972 1.4436493218446018 43.57687798240631 504
B 11972 1.443773262829807 43.57688186646231 505
B 11972 1.443896450603058 43.57689251283805 506
B 11972 1.4440181904142397 43.576909860936226 507
B 11972 1.4441377926312224 43.576933812351605 508
B 11972 1.444254578008962 43.57696423146237 509
B 11972 1.4443678904744024 43.57700094827906 510
B 11972 1.4444770821117248 43.57704375338235 511
B 11972 1.4445815440180056 43.577092403115515 512
B 11972 1.4449928453403782 43.57730426812307 513
B 11972 1.4453988091425762 43.57752150886412 514
B 11972 1.4454895023934091 43.57757190666754 515
B 11972 1.4457992969465259 43.57774405678123 516
B 11972 1.4461941801527742 43.57797183846193 517
B 11972 1.4464120899417117 43.578102276095066 518
B 11972 1.4465833309521057 43.57820477775852 519
B 11972 1.4469666192471113 43.57844279960244 520
B 11972 1.4473439232586898 43.578685827349034 521
B 11972 1.447595602276801 43.57884643309443 522
B 11972 1.447853229520193 43.579001976378045 523
B 11972 1.4479644009037034 43.579065444534955 524
B 11972 1.448116609074986 43.579152340337615 525
B 11972 1.4483855487326653 43.579297411982814 526
B 11972 1.4486598464095715 43.57943708208338 527
B 11972 1.4487911187613731 43.57950010724278 528
B 11972 1.4489392953846527 43.57957124795564 529
B 11972 1.4492236866578656 43.57969980744703 530
B 11972 1.4495128073219743 43.579822666604024 531
B 11972 1.4498064421907388 43.57993973200444 532
B 11972 1.4501043714590838 43.580050915675976 533
B 11972 1.4503143169506352 43.580124062284526 534
B 11972 1.4504063729669603 43.580156135115416 535
B 11972 1.4506831715545951 43.580245891265385 536
B 11972 1.4507122214789077 43.580255311087896 537
B 11972 1.4508866174461883 43.5803077545699 538
B 11972 1.451021684105909 43.580348370881374 539
B 11972 1.4513345324559943 43.580435243468706 540
B 11972 1.4516505327389364 43.58051586491309 541
B 11972 1.4519476715830482 43.58058509895659 542
B 11972 1.451969448116128 43.58059017290098 543
B 11972 1.4522910378270946 43.58065811441578 544
B 11972 1.4526150663720623 43.58071963758384 545
B 11972 1.4529412853435129 43.5807746953662 546
B 11972 1.4532694560293713 43.58082324793798 547
B 11972 1.453599329853561 43.58086525868837 548
B 11972 1.4539306619347412 43.580900695977 549
B 11972 1.454263203556269 43.58092953197573 550
B 11972 1.4544723550395608 43.58094228242426 551
B 11972 1.4546820638712432 43.58094851738836 552
B 11972 1.4548919483269116 43.58094822387573 553
B 11972 1.4551016249011137 43.58094140643813 554
B 11972 1.4553107070032705 43.5809280739939 555
B 11972 1.4554925449791234 43.580910756406 556
B 11972 1.4555188130287018 43.580908254706294 557
B 11972 1.455725562061137 43.5808819811362 558
B 11972 1.4559305782142373 43.580849302346515 559
B 11972 1.4561334831713735 43.5808102783552 560
B 11972 1.4563339052325974 43.580764980757706 561
B 11972 1.4565314800436535 43.58071349437843 562
B 11972 1.4567258446626068 43.58065591063915 563
B 11972 1.4569166412057684 43.58059233581743 564
B 11972 1.4571035221893651 43.58052288724973 565
B 11972 1.457286149070909 43.5804476900279 566
B 11972 1.4574641808395308 43.5803668829406 567
B 11972 1.4576372967112055 43.580280614817546 568
B 11972 1.457920264482568 43.58016565971323 569
B 11972 1.4581072708315885 43.58007740426832 570
B 11972 1.4585387750534595 43.579831798160924 571
B 11972 1.45912982541524 43.579471918412345 572
B 11972 1.4591683273547154 43.57945050007752 573
B 11972 1.4595768174032717 43.579217396030565 574
B 11972 1.4596691443596341 43.57916470936238 575
B 11972 1.4599154167635338 43.579020569055956 576
B 11972 1.4601650685940704 43.57887444951407 577
B 11972 1.4606560291886064 43.57857976281974 578
B 11972 1.4608106876257394 43.57848108603235 579
B 11972 1.4609586688113534 43.57837713825154 580
B 11972 1.461099629545073 43.578268155367965 581
B 11972 1.4612332452633128 43.578154388784526 582
B 11972 1.461359211656274 43.57803609829736 583
B 11972 1.4614772392944304 43.57791355808637 584
B 11972 1.4615870560431439 43.57778704685992 585
B 11972 1.461688410708736 43.57765685611289 586
B 11972 1.461781070079139 43.57752328626216 587
B 11972 1.4618648204905846 43.57738664281898 588
B 11972 1.4619394730843411 43.57724723807699 589
B 11972 1.462004851691928 43.577105393756725 590
B 11972 1.4620608110090236 43.57696143676408 591
B 11972 1.462107220784626 43.57681569686718 592
B 11972 1.4621422764078145 43.576675300014315 593
B 11972 1.4621439726099608 43.57666850675172 594
B 11972 1.4621709836322632 43.5765202058908 595
B 11972 1.4621881928823912 43.576371133931836 596
B 11972 1.462195559696346 43.57622163507261 597
B 11972 1.462193067589426 43.57607205150946 598
B 11972 1.462180722703193 43.57592272616738 599
B 11972 1.4621585523044904 43.57577400213957 600
B 11972 1.4621266078360393 43.57562622051772 601
B 11972 1.4620849641526763 43.57547972093443 602
B 11972 1.4620337165193578 43.575334840441826 603
B 11972 1.4619729821531482 43.57519191132981 604
B 11972 1.4619162571766477 43.57505808744054 605
B 11972 1.4618686831854424 43.57492239062787 606
B 11972 1.4618401790618665 43.574820276741015 607
B 11972 1.4618303749854458 43.57478515428757 608
B 11972 1.4618014217436963 43.574646710508176 609
B 11972 1.461781895204088 43.57450739562373 610
B 11972 1.4617718466452814 43.57436755183428 611
B 11972 1.461771295699021 43.57422751833848 612
B 11972 1.4617733500001115 43.57419541500748 613
B 11972 1.4617802469069392 43.57408763420971 614
B 11972 1.4617986776250922 43.57394823994483 615
B 11972 1.461826540263032 43.573809679127436 616
B 11972 1.4618637715395326 43.57367228533677 617
B 11972 1.4619102779641575 43.573536394099335 618
B 11972 1.4619659465172394 43.573402335295185 619
B 11972 1.4620306408381298 43.57327043586996 620
B 11972 1.4621042058096287 43.57314101603244 621
B 11972 1.4621864599561871 43.5730143930329 622
B 11972 1.4622772038609109 43.572890873551415 623
B 11972 1.4623762155642777 43.57277075859793 624
B 11972 1.4624832573784108 43.5726543419224 625
B 11972 1.4625980631648807 43.57254190332827 626
B 11972 1.4627203592980083 43.572433719266144 627
B 11972 1.462884875722079 43.57228990857515 628
B 11972 1.4630418295441605 43.57214169927131 629
B 11972 1.4631910010560503 43.57198929917855 630
B 11972 1.463332177221539 43.57183292440288 631
B 11972 1.4634651600002417 43.57167279775395 632
B 11972 1.4635897573530143 43.57150914483218 633
B 11972 1.4637057952279657 43.57134219961072 634
B 11972 1.4638131093964604 43.57117219559251 635
B 11972 1.4638409767133609 43.5711232721521 636
B 11972 1.4639115482944753 43.5709993773529 637
B 11972 1.464000969457902 43.570823986796 638
B 11972 1.4640812506816645 43.57064627366806 639
B 11972 1.4641522742497557 43.57046649049255 640
B 11972 1.4642139420409401 43.570284891594696 641
B 11972 1.464229826850938 43.57022917915361 642
B 11972 1.464266164202837 43.57010173355844 643
B 11972 1.464308872723363 43.56991727588449 644
B 11972 1.4646839960634412 43.56808387181438 645
B 11972 1.4647875939445354 43.56757751979329 646
B 11972 1.4648106432002548 43.567442371375954 647
B 11972 1.4648247301040307 43.56730657352144 648
B 11972 1.4648298257952292 43.5671704392497 649
B 11972 1.4648259171889353 43.567034286094795 650
B 11972 1.464813013143842 43.56689842737652 651
B 11972 1.4647911406404677 43.566763175461325 652
B 11972 1.4647603560606481 43.566628844047685 653
B 11972 1.464720727888818 43.56649574473543 654
B 11972 1.4646723465666966 43.56636418381315 655
B 11972 1.4646188307494958 43.56624244518413 656
B 11972 1.4646153236628172 43.566234467189275 657
B 11972 1.4645497942790549 43.566106891085724 658
B 11972 1.4644759085407761 43.56598175568399 659
B 11972 1.464393833407394 43.56585934539041 660
B 11972 1.4643037644983483 43.56573994484159 661
B 11972 1.4642059081230465 43.565623829981334 662
B 11972 1.4640527910166607 43.56544677644729 663
B 11972 1.4639057935304838 43.565267000083075 664
B 11972 1.4637650066764405 43.565084615210175 665
B 11972 1.4636305185114429 43.56489973173691 666
B 11972 1.4635024161842982 43.56471246943834 667
B 11972 1.4633990192294988 43.56454859264381 668
B 11972 1.4633042508988083 43.56438198108889 669
B 11972 1.4632182470489064 43.564212873439 670
B 11972 1.4631411313518738 43.564041515391196 671
B 11972 1.4630730154224787 43.56386815144595 672
B 11972 1.4630139971840332 43.5636930331225 673
B 11972 1.462964160994392 43.56351641073123 674
B 11972 1.462923579784509 43.563338541619565 675
B 11972 1.462892311437562 43.5631596802679 676
B 11972 1.462870399460433 43.562980083780886 677
B 11972 1.4628578782392683 43.56280001357547 678
B 11972 1.4628562534637841 43.56270599642527 679
B 11972 1.4628547625973647 43.56261972761639 680
B 11972 1.462861059050902 43.56243948434735 681
B 11972 1.4628767567262078 43.56225954481143 682
B 11972 1.4629018349597473 43.56208016887308 683
B 11972 1.462936256528568 43.5619016140655 684
B 11972 1.4629799714139184 43.561724136170504 685
B 11972 1.4630329174714722 43.56154799470919 686
B 11972 1.4630950183536964 43.56137344085641 687
B 11972 1.4631661826393552 43.561200725114595 688
B 11972 1.4632091923597357 43.56110913802787 689
B 11972 1.4632463090806045 43.56103009954989 690
B 11972 1.463269153715561 43.56098688928953 691
B 11972 1.4633352822278876 43.56086180788275 692
B 11972 1.463432973093136 43.56069609152793 693
B 11972 1.463486174706183 43.56061453747293 694
B 11972 1.4635392398625344 43.56053319234305 695
B 11972 1.4636539340902086 43.56037334225595 696
B 11972 1.4637768869798067 43.56021677247994 697
B 11972 1.4639079192564086 43.56006370920477 698
B 11972 1.464046845710653 43.559914372536866 699
B 11972 1.4641934653755362 43.55976897751692 700
B 11972 1.464422422758052 43.559556348600736 701
B 11972 1.4646586774050385 43.55934798423636 702
B 11972 1.4649020763923446 43.55914401699732 703
B 11972 1.4651524661324613 43.55894457396548 704
B 11972 1.4654096854939835 43.55874978271072 705
B 11972 1.465673570371051 43.55855976858433 706
B 11972 1.4659439590441554 43.558374649277006 707
B 11972 1.465996159417379 43.55834067370986 708
B 11972 1.4662206716585569 43.55819454507642 709
B 11972 1.4665035405349387 43.55801956978611 710
B 11972 1.4667923791963475 43.55784983376705 711
B 11972 1.4670870072238282 43.55768544633265 712
B 11972 1.4673872382883892 43.55752650906974 713
B 11972 1.4676928784937184 43.55737312569951 714
B 11972 1.468003737863428 43.55722539064987 715
B 11972 1.4683196173437936 43.5570834004717 716
B 11972 1.4686403134550856 43.55694724564724 717
B 11972 1.468965626587068 43.55681701065703 718
B 11972 1.4692953480853672 43.556692779910726 719
B 11972 1.4696292671644273 43.55657462957397 720
B 11972 1.469967173765858 43.55646263801492 721
B 11972 1.4703088534368254 43.55635687533942 722
B 11972 1.4706540895591036 43.5562574056041 723
B 11972 1.471002661707157 43.55616429558003 724
B 11972 1.4713543480687186 43.55607760434985 725
B 11972 1.4717089269112615 43.555997386061875 726
B 11972 1.4720661712937049 43.55592369043684 727
B 11972 1.472425855787808 43.555856567210306 728
B 11972 1.4727877513474519 43.55579605621718 729
B 11972 1.4731516289381898 43.55574219674694 730
B 11972 1.4735172558414218 43.5556950225764 731
B 11972 1.4737545938268726 43.55566972781286 732
B 11972 1.4739930026037305 43.55565048109201 733
B 11972 1.4742321892765244 43.5556373020111 734
B 11972 1.4744718624503632 43.555630210730484 735
B 11972 1.4747117332093103 43.55562921316964 736
B 11972 1.4749515036452672 43.555634311338814 737
B 11972 1.4751610452161048 43.55564410417486 738
B 11972 1.4751908812617986 43.55564549851642 739
B 11972 1.4754295766616736 43.55566276252269 740
B 11972 1.475667295332808 43.55568608016755 741
B 11972 1.4759037495985947 43.55571542502682 742
B 11972 1.4761386511930912 43.55575075970196 743
B 11972 1.4763717093369226 43.55579204330788 744
