37
0 1 15670.0445
0 2 10308.101
0 3 15497.1185
0 4 7887.324
0 5 8947.345
0 6 9133.584
0 7 8958.013
0 8 6234.306
0 9 2930.425
0 10 3074.236
0 11 2746.45
0 12 3333.594
0 13 2826.283
0 14 7585.492
0 15 1058.998
0 16 3706.969
0 17 3413.5
0 18 5814.755
0 19 5050.728
0 20 8199.996
0 21 5212.491
0 22 10635.467
0 23 6782.298
0 24 9530.3395
0 25 2329.873
0 26 399.019
0 27 9443.152
0 28 6949.818
0 29 9530.3395
0 30 4986.119
0 31 3897.015
0 32 5864.399
0 33 1321.434
0 34 2329.873
0 35 8396.572
0 36 6118.323
1 2 15819.79
1 3 172.924
1 4 4710.029500000001
1 5 21037.597999999998
1 6 21223.837
1 7 4082.9120000000003
1 8 5678.2255000000005
1 9 9662.6735
1 10 9367.860499999999
1 11 10039.819500000001
1 12 19250.261
1 13 9876.163499999999
1 14 8704.755000000001
1 15 16975.666
1 16 8070.7555
1 17 8672.366999999998
1 18 5923.9625
1 19 6371.464
1 20 4526.8935
1 21 6276.717
1 22 15628.0465
1 23 5357.259
1 24 21620.592
1 25 10893.804499999998
1 26 14852.056499999999
1 27 9792.8135
1 28 8332.432
1 29 21620.592
1 30 6409.3065
1 31 19504.822
1 32 7696.6865
1 33 12961.104500000001
1 34 10893.804499999998
1 35 4411.756
1 36 14951.141
2 3 15646.8645
2 4 11109.7585
2 5 797.0545
2 6 687.9715
2 7 11736.8765
2 8 10141.5635
2 9 11887.9595
2 10 11593.147
2 11 12265.1065
2 12 11075.089
2 13 12101.449499999999
2 14 7115.034
2 15 10491.095
2 16 10296.0415
2 17 10897.6535
2 18 9895.8265
2 19 9448.324499999999
2 20 11292.895499999999
2 21 9543.072
2 22 191.743
2 23 10462.529999999999
2 24 455.586
2 25 12637.974
2 26 10707.1205
2 27 6026.9755000000005
2 28 7487.357
2 29 455.586
2 30 9410.4825
2 31 10511.669
2 32 8123.102
2 33 11629.536
2 34 12637.974
2 35 11408.033
2 36 7077.883
3 4 4537.105
3 5 20742.36
3 6 20928.599000000002
3 7 3909.987
3 8 5505.301
3 9 9489.748
3 10 9194.936000000002
3 11 9866.894499999999
3 12 18955.024
3 13 9703.238000000001
3 14 8531.83
3 15 16680.429
3 16 7897.831
3 17 8499.442
3 18 5751.037
3 19 6198.539
3 20 4353.9685
3 21 6103.792
3 22 15455.1205
3 23 5184.334
3 24 21325.355
3 25 10720.880000000001
3 26 14679.131000000001
3 27 9619.888500000001
3 28 8159.507
3 29 21325.355
3 30 6236.382
3 31 19331.896
3 32 7523.7615000000005
3 33 12788.179499999998
3 34 10720.880000000001
3 35 4238.831
3 36 14778.215
4 5 11906.813
4 6 11797.73
4 7 627.117
4 8 968.195
4 9 4952.643
4 10 4657.8305
4 11 5140.873
4 12 11220.9185
4 13 5061.041
4 14 3994.7255
4 15 8946.322
4 16 3360.725
4 17 3962.3379999999997
4 18 1213.932
4 19 1661.434
4 20 183.136
4 21 1566.687
4 22 10918.015
4 23 647.229
4 24 11565.3455
4 25 5557.451
4 26 7488.305
4 27 5082.7835
4 28 3622.4025
4 29 11565.3455
4 30 1699.277
4 31 11784.3385
4 32 2986.6565
4 33 6565.889
4 34 5557.451
4 35 298.273
4 36 10241.11
5 6 109.082
5 7 12533.9315
5 8 10938.617
5 9 11877.7705
5 10 12021.582
5 11 11693.796
5 12 11404.9355
5 13 11773.6285
5 14 7912.088
5 15 9130.339
5 16 11093.0955
5 17 11694.708
5 18 10692.8805
5 19 10245.378499999999
5 20 12089.9495
5 21 10340.126
5 22 988.7975
5 23 11259.5835
5 24 341.468
5 25 11277.218
5 26 9346.3645
5 27 6824.029500000001
5 28 8284.4105
5 29 341.468
5 30 10207.5365
5 31 11872.425
5 32 8920.156500000001
5 33 10268.78
5 34 11277.218
5 35 12205.087
5 36 7874.938
6 7 12424.8485
6 8 10829.534
6 9 12064.009
6 10 12207.821
6 11 11880.036
6 12 11591.174500000001
6 13 11959.8685
6 14 7803.004999999999
6 15 9316.579
6 16 10984.012999999999
6 17 11585.625
6 18 10583.7975
6 19 10136.2955
6 20 11980.8665
6 21 10231.043
6 22 879.7145
6 23 11150.5005
6 24 232.385
6 25 11463.458
6 26 9532.6035
6 27 6714.9465
6 28 8175.3279999999995
6 29 232.385
6 30 10098.4535
6 31 11686.186
6 32 8811.073
6 33 10455.019
6 34 11463.458
6 35 12096.0045
6 36 7765.855
7 8 1595.313
7 9 5579.7605
7 10 5284.9485
7 11 5956.907499999999
7 12 12291.608
7 13 5793.251
7 14 4621.843
7 15 10017.011
7 16 3987.843
7 17 4589.455
7 18 1841.05
7 19 2288.552
7 20 443.981
7 21 2193.805
7 22 11545.133
7 23 1274.347
7 24 12192.4635
7 25 6628.14
7 26 8558.994
7 27 5709.9015
7 28 4249.5195
7 29 12192.4635
7 30 2326.395
7 31 12855.028
7 32 3613.7745
7 33 7636.579
7 34 6628.14
7 35 328.844
7 36 10868.228
8 9 3303.881
8 10 3160.07
8 11 3487.855
8 12 9567.901
8 13 3408.022
8 14 3026.529
8 15 7293.304
8 16 2392.529
8 17 2820.805
8 18 245.736
8 19 693.238
8 20 1151.332
8 21 598.491
8 22 9949.82
8 23 320.966
8 24 10597.149
8 25 3904.433
8 26 5835.287
8 27 4114.5875
8 28 2654.206
8 29 10597.149
8 30 731.081
8 31 10131.321
8 32 2018.4605000000001
8 33 4912.872
8 34 3904.433
8 35 1266.469
8 36 9272.914499999999
9 10 143.81
9 11 183.973
9 12 6264.019
9 13 104.141
9 14 4655.066
9 15 3989.423
9 16 776.545
9 17 483.075
9 18 2884.33
9 19 2120.303
9 20 5135.779
9 21 2282.066
9 22 11696.216
9 23 3851.873
9 24 12343.546
9 25 600.551
9 26 2531.406
9 27 5860.9835
9 28 4019.393
9 29 12343.546
9 30 2055.694
9 31 6827.44
9 32 2933.974
9 33 1608.99
9 34 600.551
9 35 5250.9165
9 36 9048.748
10 11 327.784
10 12 6407.831
10 13 247.952
10 14 4478.112999999999
10 15 4133.234
10 16 632.734
10 17 339.264
10 18 2740.52
10 19 1976.492
10 20 4840.9665
10 21 2138.255
10 22 11401.4035
10 23 3708.062
10 24 12048.7335
10 25 744.362
10 26 2675.216
10 27 5566.1715
10 28 3875.582
10 29 12048.7335
10 30 1911.883
10 31 6971.25
10 32 2790.163
10 33 1752.801
10 34 744.362
10 35 4956.104
10 36 9192.558
11 12 6080.045
11 13 79.832
11 14 4839.041
11 15 3805.449
11 16 960.519
11 17 667.049
11 18 3068.304
11 19 2304.277
11 20 5453.544
11 21 2466.041
11 22 12073.363000000001
11 23 4035.847
11 24 12276.791
11 25 416.577
11 26 2347.431
11 27 6238.130499999999
11 28 4203.367
11 29 12276.791
11 30 2239.667
11 31 6643.466
11 32 3117.948
11 33 1425.016
11 34 416.577
11 35 5628.063
11 36 8864.774
12 13 6159.878
12 14 9655.353
12 15 2274.596
12 16 7040.564
12 17 6747.095
12 18 9148.3505
12 19 8384.323
12 20 11533.59
12 21 8546.086
12 22 10747.723
12 23 10115.893
12 24 11852.8505
12 25 5663.467
12 26 3732.614
12 27 7797.6925
12 28 10283.4135
12 29 11852.8505
12 30 8319.7135
12 31 563.42
12 32 9197.994
12 33 4655.029
12 34 5663.467
12 35 11730.166
12 36 2784.728
13 14 4759.208
13 15 3885.281
13 16 880.686
13 17 587.217
13 18 2988.472
13 19 2224.444
13 20 5349.269
13 21 2386.208
13 22 11909.7055
13 23 3956.014
13 24 12356.624
13 25 496.41
13 26 2427.264
13 27 6074.4735
13 28 4123.535
13 29 12356.624
13 30 2159.835
13 31 6723.298
13 32 3038.115
13 33 1504.849
13 34 496.41
13 35 5464.4065
13 36 8944.606
14 15 8644.49
14 16 3181.0074999999997
14 17 3782.6195
14 18 2780.7925
14 19 2333.2905
14 20 4177.8615
14 21 2428.0375000000004
14 22 6923.2895
14 23 3347.4955
14 24 7570.619500000001
14 25 5255.619
14 26 7186.473
14 27 1088.058
14 28 372.323
14 29 7570.619500000001
14 30 2295.4480000000003
14 31 9091.932
14 32 1008.068
14 33 6264.057
14 34 5255.619
14 35 4292.9985
14 36 6246.3845
15 16 4765.968
15 17 4472.499
15 18 6873.754
15 19 6109.726
15 20 9258.994
15 21 6271.49
15 22 10818.461
15 23 7841.296
15 24 9713.3335
15 25 3388.871
15 26 1458.017
15 27 10072.289
15 28 8008.8165
15 29 9713.3335
15 30 6045.117
15 31 2838.016
15 32 6923.397
15 33 2380.432
15 34 3388.871
15 35 9455.57
15 36 5059.324
16 17 293.469
16 18 2107.785
16 19 1343.758
16 20 3543.861
16 21 1505.521
16 22 10104.297999999999
16 23 2713.496
16 24 10751.628499999999
16 25 1377.097
16 26 3307.951
16 27 4269.066
16 28 2808.6845000000003
16 29 10751.628499999999
16 30 1279.148
16 31 7603.985
16 32 2157.429
16 33 2385.535
16 34 1377.097
16 35 3658.999
16 36 9427.3925
17 18 2401.254
17 19 1637.227
17 20 4145.4735
17 21 1798.991
17 22 10705.91
17 23 3315.108
17 24 11353.24
17 25 1083.627
17 26 3014.481
17 27 4870.678
17 28 3410.2965
17 29 11353.24
17 30 1572.618
17 31 7310.516
17 32 2450.898
17 33 2092.066
17 34 1083.627
17 35 4260.611
17 36 9531.824
18 19 447.501
18 20 1397.068
18 21 352.754
18 22 9704.0825
18 23 566.703
18 24 10351.4125
18 25 3484.882
18 26 5415.736
18 27 3868.8505
18 28 2408.4695
18 29 10351.4125
18 30 485.344
18 31 9711.771
18 32 1772.7235
18 33 4493.321
18 34 3484.882
18 35 1512.206
18 36 9027.177
19 20 1844.57
19 21 94.747
19 22 9256.581
19 23 1014.205
19 24 9903.9105
19 25 2720.855
19 26 4651.709
19 27 3421.3485
19 28 1960.9675
19 29 9903.9105
19 30 37.842
19 31 8947.743
19 32 1325.2215
19 33 3729.293
19 34 2720.855
19 35 1959.708
19 36 8579.675500000001
20 21 1749.823
20 22 11101.152
20 23 830.365
20 24 11748.481
20 25 5870.122
20 26 7800.976
20 27 5265.9195
20 28 3805.5384999999997
20 29 11748.481
20 30 1882.413
20 31 12097.01
20 32 3169.7925
20 33 6878.561
20 34 5870.122
20 35 115.137
20 36 10424.246500000001
21 22 9351.328
21 23 919.458
21 24 9998.658
21 25 2882.618
21 26 4813.473
21 27 3516.096
21 28 2055.7145
21 29 9998.658
21 30 132.589
21 31 9109.506
21 32 1419.9695000000002
21 33 3891.057
21 34 2882.618
21 35 1864.96
21 36 8674.4225
22 23 10270.7865
22 24 647.3295
22 25 12927.347
22 26 11034.486499999999
22 27 5835.2315
22 28 7295.613
22 29 647.3295
22 30 9218.7385
22 31 10184.302
22 32 7931.3585
22 33 11956.902
22 34 12927.347
22 35 11216.289
22 36 6886.139999999999
23 24 10918.1155
23 25 4452.425
23 26 6383.279
23 27 4435.554
23 28 2975.1724999999997
23 29 10918.1155
23 30 1052.047
23 31 10679.313
23 32 2339.4275
23 33 5460.864
23 34 4452.425
23 35 945.502
23 36 9593.881000000001
24 25 11860.2125
24 26 9929.359
24 27 6482.5615
24 28 7942.942999999999
24 29 0.0
24 30 9866.0685
24 31 11289.43
24 32 8578.688
24 33 10851.7745
24 34 11860.2125
24 35 11863.6195
24 36 7533.469999999999
25 26 1930.854
25 27 7092.115
25 28 4619.945
25 29 11860.2125
25 30 2656.246
25 31 6226.888
25 32 3534.526
25 33 1008.438
25 34 0.0
25 35 6066.698
25 36 8448.196
26 27 9044.133
26 28 6550.799
26 29 9929.359
26 30 4587.1
26 31 4296.034
26 32 5465.38
26 33 922.415
26 34 1930.854
26 35 7997.552
26 36 6517.342
27 28 1460.381
27 29 6482.5615
27 30 3383.5065
27 31 7234.272
27 32 2096.126
27 33 8121.717
27 34 7092.115
27 35 5381.056500000001
27 36 5012.9635
28 29 7942.942999999999
28 30 1923.1245
28 31 9727.6055
28 32 635.745
28 33 5628.383
28 34 4619.945
28 35 3920.6755000000003
28 36 6618.7080000000005
29 30 9866.0685
29 31 11289.43
29 32 8578.688
29 33 10851.7745
29 34 11860.2125
29 35 11863.6195
29 36 7533.469999999999
30 31 8883.1335
30 32 1287.3795
30 33 3664.684
30 34 2656.246
30 35 1997.55
30 36 8541.832999999999
31 32 9761.4145
31 33 5218.449
31 34 6226.888
31 35 12293.586
31 36 2221.308
32 33 4542.964
32 34 3534.526
32 35 3284.9305
32 36 7254.4535
33 34 1008.438
33 35 7075.137
33 36 7439.757
34 35 6066.698
34 36 8448.196
35 36 10539.3835
